6.694697380065917969e+00
4.853830814361572266e+00
2.358011484146118164e+00
6.780691146850585938e+00
9.516215324401855469e+00
1.770989608764648438e+01
4.795835018157958984e+00
3.873901605606079102e+00
1.802572250366210938e+01
1.317469406127929688e+01
6.583705425262451172e+00
8.077633857727050781e+00
4.685842990875244141e+00
2.862974882125854492e+00
1.001941871643066406e+01
1.162106609344482422e+01
4.221876621246337891e+00
4.234875679016113281e+00
1.276752948760986328e+01
3.617920160293579102e+00
1.512148094177246094e+01
3.324941396713256836e+00
1.208525371551513672e+01
1.342679595947265625e+01
1.610577774047851562e+01
7.741621494293212891e+00
1.272851371765136719e+01
8.197682380676269531e+00
5.096813201904296875e+00
1.171410369873046875e+01
4.510855674743652344e+00
5.486784934997558594e+00
3.750910520553588867e+00
1.172710895538330078e+01
1.525453472137451172e+01
2.117028951644897461e+00
4.552852630615234375e+00
1.215328121185302734e+01
2.254019021987915039e+00
8.123652458190917969e+00
8.610849380493164062e+00
1.019649028778076172e+01
2.875973939895629883e+00
1.568270778656005859e+01
1.113787078857421875e+01
2.740983724594116211e+00
1.089377212524414062e+01
1.522652339935302734e+01
9.779321670532226562e+00
7.311652660369873047e+00
1.326673126220703125e+01
8.321732521057128906e+00
1.115587806701660156e+01
3.371937990188598633e+00
2.959967851638793945e+00
1.086375999450683594e+01
1.871634292602539062e+01
9.091043472290039062e+00
1.170810127258300781e+01
1.129893589019775391e+01
2.827977418899536133e+00
1.264147853851318359e+01
8.334737777709960938e+00
6.566706657409667969e+00
1.421711540222167969e+01
8.082635879516601562e+00
3.333940744400024414e+00
9.078038215637207031e+00
5.511783123016357422e+00
1.469330787658691406e+01
5.080814361572265625e+00
1.255844497680664062e+01
6.865684986114501953e+00
1.390899085998535156e+01
1.837029814720153809e+00
8.737900733947753906e+00
2.790980100631713867e+00
1.272251129150390625e+01
8.718893051147460938e+00
1.151002120971679688e+01
1.339278221130371094e+01
6.448715209960937500e+00
1.123290920257568359e+01
3.965894937515258789e+00
1.130693912506103516e+01
1.166508388519287109e+01
1.414208507537841797e+01
1.377093505859375000e+01
1.777086257934570312e+01
2.645990610122680664e+00
1.478534507751464844e+01
1.087576484680175781e+01
1.044959259033203125e+01
1.334676361083984375e+01
3.137954950332641602e+00
1.110185623168945312e+01
2.763982057571411133e+00
3.411935091018676758e+00
6.934679985046386719e+00
1.045759582519531250e+01
1.378293991088867188e+01
8.203684806823730469e+00
1.168809318542480469e+01
1.525253391265869141e+01
9.615255355834960938e+00
9.543226242065429688e+00
1.445521163940429688e+01
1.675841903686523438e+01
9.924380302429199219e+00
2.977966547012329102e+00
1.460927391052246094e+01
5.698769569396972656e+00
1.129693508148193359e+01
1.055763626098632812e+01
7.615630626678466797e+00
2.053033590316772461e+00
7.381647586822509766e+00
1.294059944152832031e+01
1.240338230133056641e+01
1.297461318969726562e+01
3.840903997421264648e+00
7.354649543762207031e+00
1.334006309509277344e+00
3.397936105728149414e+00
1.022350120544433594e+01
1.169309520721435547e+01
2.488994979858398438e+01
1.494741058349609375e+01
1.223731517791748047e+01
1.186616516113281250e+01
1.169109439849853516e+01
2.508000612258911133e+00
1.184415626525878906e+01
4.081886768341064453e+00
1.245540332794189453e+01
1.178213119506835938e+01
2.753982782363891602e+00
5.906754493713378906e+00
9.238102912902832031e+00
1.573672962188720703e+01
1.148801231384277344e+01
4.053888797760009766e+00
3.941896677017211914e+00
2.315014600753784180e+00
1.225332164764404297e+01
1.118488979339599609e+01
9.132060050964355469e+00
7.199943065643310547e-01
6.290726661682128906e+00
5.123811244964599609e+00
1.145399856567382812e+01
1.415408992767333984e+01
4.503856182098388672e+00
3.704913854598999023e+00
1.259345912933349609e+01
7.443643093109130859e+00
1.216028404235839844e+01
2.079031705856323242e+00
1.250542354583740234e+01
2.516000032424926758e+00
2.817978143692016602e+00
1.224431800842285156e+01
1.039857196807861328e+01
8.664871215820312500e+00
3.683915376663208008e+00
3.443932771682739258e+00
1.073470783233642578e+01
1.243039321899414062e+01
1.839951705932617188e+01
6.922680854797363281e+00
7.071670055389404297e+00
3.653917551040649414e+00
3.395936250686645508e+00
1.124191284179687500e+01
1.505145263671875000e+01
7.312652587890625000e+00
3.939896821975708008e+00
1.464828968048095703e+01
4.089886188507080078e+00
1.206224441528320312e+01
9.981403350830078125e+00
2.220542526245117188e+01
1.411207294464111328e+01
1.412407779693603516e+01
9.679281234741210938e+00
1.319270133972167969e+01
1.112186431884765625e+01
7.554635047912597656e+00
1.065767669677734375e+01
9.523218154907226562e+00
6.205732822418212891e+00
1.393500137329101562e+01
1.211526584625244141e+01
9.283121109008789062e+00
2.393008947372436523e+00
2.376010179519653320e+00
1.415108871459960938e+01
4.718840599060058594e+00
1.380995082855224609e+01
2.470003366470336914e+00
1.779027104377746582e+00
1.151802444458007812e+01
6.770691871643066406e+00
8.805928230285644531e+00
1.764892959594726562e+01
7.500638961791992188e+00
2.828977346420288086e+00
1.672543716430664062e+01
4.098885536193847656e+00
9.967397689819335938e+00
1.274351978302001953e+01
9.411172866821289062e+00
1.536457920074462891e+01
1.087876605987548828e+01
6.869684696197509766e+00
3.473930597305297852e+00
7.256656646728515625e+00
1.421411418914794922e+01
1.572072315216064453e+01
1.185616111755371094e+01
3.587922334671020508e+00
2.487002134323120117e+00
9.190083503723144531e+00
9.481201171875000000e+00
5.596776962280273438e+00
1.209525775909423828e+01
1.569671344757080078e+01
2.131027936935424805e+00
7.388647079467773438e+00
6.696697235107421875e+00
4.236875534057617188e+00
1.058964920043945312e+01
4.600849151611328125e+00
1.050561523437500000e+01
2.748983144760131836e+00
1.278153514862060547e+01
2.889972925186157227e+00
1.177112674713134766e+01
4.204877853393554688e+00
1.469130706787109375e+01
5.442788124084472656e+00
7.044672012329101562e+00
1.146800422668457031e+01
1.199621772766113281e+01
1.546562004089355469e+01
8.755908012390136719e+00
1.489538955688476562e+01
1.760026216506958008e+00
1.489138793945312500e+01
1.194119548797607422e+01
9.824339866638183594e+00
7.391646862030029297e+00
1.124891567230224609e+01
5.280799865722656250e+00
9.466195106506347656e+00
6.200733184814453125e+00
1.684022665023803711e+00
3.394936323165893555e+00
3.702913999557495117e+00
7.327651500701904297e+00
1.107784652709960938e+01
1.194999814033508301e+00
5.525782108306884766e+00
3.312942266464233398e+00
6.565706729888916016e+00
4.152881622314453125e+00
1.556966209411621094e+01
1.521551895141601562e+01
1.096380043029785156e+01
1.329674339294433594e+01
9.993408203125000000e+00
7.193661212921142578e+00
1.276752948760986328e+01
4.026890754699707031e+00
1.043358612060546875e+01
7.989603519439697266e+00
7.358649253845214844e+00
1.163107013702392578e+01
1.275852584838867188e+01
3.534926176071166992e+00
1.671344375610351562e+01
1.352783679962158203e+01
2.369010686874389648e+00
2.207022428512573242e+00
7.299941778182983398e-01
2.745983362197875977e+00
1.329274177551269531e+01
1.102982711791992188e+01
1.230434226989746094e+01
7.673626422882080078e+00
1.325772762298583984e+01
1.447121810913085938e+01
1.500543403625488281e+01
1.043558692932128906e+01
1.120389747619628906e+01
5.155808925628662109e+00
1.303463745117187500e+01
1.299262046813964844e+01
1.383195972442626953e+01
9.988406181335449219e+00
1.197420883178710938e+01
7.314652442932128906e+00
1.423912429809570312e+01
1.375292778015136719e+01
3.784908056259155273e+00
3.582922697067260742e+00
7.784618377685546875e+00
1.478234386444091797e+01
1.282655334472656250e+01
8.674875259399414062e+00
7.509638309478759766e+00
1.094279193878173828e+01
8.506807327270507812e+00
4.198878288269042969e+00
1.244840049743652344e+01
8.212688446044921875e+00
5.742766380310058594e+00
1.227733135223388672e+01
5.856758117675781250e+00
7.444643020629882812e+00
2.649990320205688477e+00
1.187516880035400391e+01
1.111386108398437500e+01
1.569571304321289062e+01
1.225332164764404297e+01
5.111812114715576172e+00
1.251642799377441406e+01
8.816932678222656250e+00
2.510000467300415039e+00
3.357939004898071289e+00
3.672916173934936523e+00
7.056671142578125000e+00
8.733899116516113281e+00
1.074171066284179688e+01
5.358794212341308594e+00
1.265848541259765625e+01
1.085475635528564453e+01
1.139097309112548828e+01
1.399802684783935547e+01
3.743911027908325195e+00
1.125891971588134766e+01
8.769913673400878906e+00
5.012819290161132812e+00
1.470831394195556641e+01
1.009244823455810547e+01
1.301162815093994141e+01
1.193419265747070312e+01
7.459641933441162109e+00
8.046621322631835938e+00
1.032654285430908203e+01
1.281054687500000000e+01
1.262947368621826172e+01
7.049671649932861328e+00
1.306164836883544922e+01
1.491339683532714844e+01
1.403104019165039062e+01
8.275713920593261719e+00
1.052962493896484375e+01
1.439818859100341797e+01
3.963895082473754883e+00
8.708889007568359375e+00
2.554997205734252930e+00
1.148301029205322266e+01
9.158070564270019531e+00
8.374753952026367188e+00
1.612876510620117188e+01
1.412307739257812500e+01
8.939982414245605469e+00
8.084636688232421875e+00
3.029962778091430664e+00
8.788921356201171875e+00
1.329006075859069824e+00
2.089414596557617188e+01
1.457626056671142578e+01
1.287257194519042969e+01
5.446787834167480469e+00
8.624855041503906250e+00
1.662249374389648438e+01
1.209225654602050781e+01
7.598631858825683594e+00
1.108184814453125000e+01
3.002964735031127930e+00
6.252729415893554688e+00
7.781618595123291016e+00
1.387197589874267578e+01
1.208225250244140625e+01
9.994408607482910156e+00
6.438715934753417969e+00
1.360986995697021484e+01
1.276552867889404297e+01
1.770090103149414062e+01
3.685915231704711914e+00
3.292943716049194336e+00
9.767316818237304688e+00
1.435317039489746094e+01
1.408606243133544922e+01
4.687842845916748047e+00
9.122056007385253906e+00
7.837614536285400391e+00
6.113739490509033203e+00
2.631991624832153320e+00
1.249842071533203125e+01
1.214127635955810547e+01
8.754907608032226562e+00
3.762909650802612305e+00
2.922970533370971680e+00
7.336650848388671875e+00
1.436717605590820312e+01
1.047560310363769531e+01
2.953968286514282227e+00
1.455125045776367188e+01
1.613975906372070312e+01
8.201683998107910156e+00
4.136882781982421875e+00
6.488712310791015625e+00
1.354984569549560547e+01
8.050622940063476562e+00
1.194519710540771484e+01
1.366989421844482422e+01
9.907373428344726562e+00
3.708913564682006836e+00
1.529255008697509766e+01
6.529709339141845703e+00
8.908969879150390625e+00
2.290016412734985352e+00
1.092278385162353516e+01
1.205424118041992188e+01
1.376693344116210938e+01
8.130655288696289062e+00
1.478934669494628906e+01
3.027962923049926758e+00
1.489138793945312500e+01
1.105583763122558594e+01
1.373191928863525391e+01
8.637860298156738281e+00
1.123991203308105469e+01
6.185734272003173828e+00
1.256744861602783203e+01
3.307942628860473633e+00
1.161606407165527344e+01
9.514214515686035156e+00
1.421611499786376953e+01
1.129493427276611328e+01
4.255874156951904297e+00
1.591580200195312500e+01
1.002342033386230469e+01
9.572237968444824219e+00
8.498804092407226562e+00
1.359886550903320312e+01
1.139297389984130859e+01
3.920898199081420898e+00
9.699289321899414062e+00
3.293943643569946289e+00
1.354284286499023438e+01
1.524353027343750000e+01
5.228803634643554688e+00
1.323871994018554688e+01
7.623630046844482422e+00
2.396008729934692383e+00
1.816164779663085938e+01
1.171410369873046875e+01
5.697769641876220703e+00
1.404504585266113281e+01
6.053743839263916016e+00
6.862685203552246094e+00
1.529955291748046875e+01
1.048160552978515625e+01
1.017848300933837891e+01
8.881958961486816406e+00
1.433716392517089844e+01
1.067568397521972656e+01
4.439860820770263672e+00
1.022250080108642578e+01
1.072670459747314453e+01
6.995675563812255859e+00
9.996409416198730469e+00
1.756297683715820312e+01
8.079634666442871094e+00
6.906682014465332031e+00
8.278715133666992188e+00
1.444820880889892578e+01
1.480535316467285156e+01
1.400603008270263672e+01
1.397001552581787109e+01
8.091639518737792969e+00
6.259728908538818359e+00
4.293871402740478516e+00
1.749401473999023438e+01
1.167508792877197266e+01
1.383596134185791016e+01
9.061031341552734375e+00
1.387997913360595703e+01
1.708523941040039062e+01
1.657452011108398438e+01
1.471231555938720703e+01
8.827937126159667969e+00
7.236658096313476562e+00
4.544853210449218750e+00
1.120189666748046875e+01
1.100781822204589844e+01
1.182314777374267578e+01
1.120389747619628906e+01
1.548362731933593750e+01
1.404004383087158203e+01
1.180914211273193359e+01
1.289157962799072266e+01
3.515927553176879883e+00
8.272712707519531250e+00
1.341379070281982422e+01
1.760195541381835938e+01
7.384647369384765625e+00
2.013036489486694336e+00
1.104483318328857422e+01
2.014036417007446289e+00
2.581995248794555664e+00
4.382864952087402344e+00
5.671771526336669922e+00
1.039557075500488281e+01
1.315568637847900391e+01
6.046744346618652344e+00
3.204950094223022461e+00
1.241638755798339844e+01
7.870612144470214844e+00
1.197999954223632812e+00
1.209825897216796875e+01
7.115666866302490234e+00
7.160663604736328125e+00
7.164663314819335938e+00
4.896827697753906250e+00
9.604250907897949219e+00
8.757908821105957031e+00
1.088977050781250000e+01
1.210726261138916016e+01
5.894755363464355469e+00
1.932001113891601562e+01
1.166608428955078125e+01
1.389698600769042969e+01
7.852613449096679688e+00
1.576173973083496094e+01
1.161406326293945312e+01
5.020818710327148438e+00
1.250342273712158203e+01
9.955392837524414062e+00
2.483002424240112305e+00
9.299127578735351562e+00
4.957823276519775391e+00
1.755698013305664062e+01
1.522052097320556641e+01
5.377792835235595703e+00
8.288719177246093750e+00
1.126292133331298828e+01
9.044024467468261719e+00
1.204023551940917969e+01
4.016891479492187500e+00
2.447005033493041992e+00
1.393500137329101562e+01
2.731984376907348633e+00
1.035755538940429688e+01
1.278053474426269531e+01
2.104606246948242188e+01
1.048860836029052734e+01
9.428179740905761719e+00
1.108785057067871094e+01
1.686436080932617188e+01
1.534757232666015625e+01
2.296015977859497070e+00
1.564569282531738281e+01
7.263656139373779297e+00
3.612920522689819336e+00
1.609019160270690918e+00
7.240657806396484375e+00
8.950986862182617188e+00
3.747910737991333008e+00
9.632262229919433594e+00
1.535657596588134766e+01
8.023612022399902344e+00
1.339378261566162109e+01
5.442788124084472656e+00
1.071570014953613281e+01
1.061265850067138672e+01
1.249842071533203125e+01
4.242875099182128906e+00
2.529999017715454102e+00
1.111686229705810547e+01
1.318369770050048828e+01
8.883959770202636719e+00
3.296943426132202148e+00
9.875360488891601562e+00
1.509447002410888672e+01
9.784323692321777344e+00
8.648864746093750000e+00
2.415007352828979492e+00
1.760026216506958008e+00
1.160806083679199219e+01
1.212226867675781250e+01
1.037956428527832031e+01
2.519977951049804688e+01
5.871757030487060547e+00
1.025551414489746094e+01
8.634859085083007812e+00
1.282555294036865234e+01
3.548925161361694336e+00
8.723895072937011719e+00
1.523552703857421875e+01
1.206124401092529297e+01
2.370010614395141602e+00
8.471793174743652344e+00
1.701028060913085938e+01
9.506211280822753906e+00
6.589704990386962891e+00
9.844347953796386719e+00
1.045059299468994141e+01
1.391999530792236328e+01
3.178951978683471680e+00
9.547227859497070312e+00
8.911971092224121094e+00
1.048960876464843750e+01
1.517650318145751953e+01
1.109085178375244141e+01
1.249341869354248047e+01
1.679339981079101562e+01
1.336577129364013672e+01
1.043258571624755859e+01
8.224693298339843750e+00
8.883959770202636719e+00
1.536457920074462891e+01
1.209825897216796875e+01
8.368751525878906250e+00
7.568634033203125000e+00
5.468786239624023438e+00
1.435517120361328125e+01
1.288857841491699219e+01
9.470196723937988281e+00
1.147300624847412109e+01
1.387597751617431641e+01
1.127996683120727539e+00
4.426861763000488281e+00
1.397101593017578125e+01
1.860840225219726562e+01
1.386697387695312500e+01
9.855352401733398438e+00
1.597982788085937500e+01
1.073570823669433594e+01
1.473832607269287109e+01
1.372491645812988281e+01
1.113586997985839844e+01
1.168008995056152344e+01
1.043758773803710938e+01
2.931969881057739258e+00
8.878957748413085938e+00
2.007036924362182617e+00
1.056864070892333984e+01
1.471931838989257812e+01
6.177734851837158203e+00
7.909609317779541016e+00
1.280954647064208984e+01
1.291959095001220703e+01
1.101081943511962891e+01
4.774836540222167969e+00
1.190718173980712891e+01
7.002675056457519531e+00
1.560567665100097656e+01
5.851758480072021484e+00
4.091886043548583984e+00
9.476199150085449219e+00
1.267649269104003906e+01
9.284121513366699219e+00
7.480640411376953125e+00
5.289799213409423828e+00
1.080773735046386719e+01
1.156904506683349609e+01
1.426613521575927734e+01
8.916973114013671875e+00
3.409935235977172852e+00
1.146700382232666016e+01
1.692432785034179688e+01
1.606280136108398438e+01
1.361387157440185547e+01
1.315568637847900391e+01
3.640918493270874023e+00
1.103582954406738281e+01
1.449722862243652344e+01
4.445860385894775391e+00
4.915826320648193359e+00
1.033454608917236328e+01
4.518855094909667969e+00
1.418210124969482422e+01
2.362011194229125977e+00
1.057764434814453125e+01
4.793835163116455078e+00
1.161706447601318359e+01
6.039744853973388672e+00
1.426113319396972656e+01
1.373091888427734375e+01
6.060743331909179688e+00
1.581876277923583984e+01
4.845831394195556641e+00
1.529355049133300781e+01
1.101181983947753906e+01
1.295560550689697266e+01
7.341650485992431641e+00
1.713221359252929688e+01
1.648157119750976562e+01
8.793923377990722656e+00
4.659844875335693359e+00
1.349082183837890625e+01
1.252343082427978516e+01
2.008059310913085938e+01
2.516999959945678711e+00
1.186216354370117188e+01
4.307870388031005859e+00
8.856948852539062500e+00
1.007344055175781250e+01
7.904609680175781250e+00
1.140297794342041016e+01
1.048960876464843750e+01
1.089877414703369141e+01
1.272251129150390625e+01
1.547562408447265625e+01
9.792326927185058594e+00
1.373291969299316406e+01
1.090777778625488281e+01
1.640361404418945312e+01
2.262018442153930664e+00
1.183515262603759766e+01
6.524709701538085938e+00
8.544822692871093750e+00
1.858341598510742188e+01
1.187216758728027344e+01
1.501143646240234375e+01
1.027752304077148438e+01
4.083886623382568359e+00
1.385196781158447266e+01
1.282155132293701172e+01
1.081874179840087891e+01
6.161736011505126953e+00
1.192618942260742188e+01
4.694842338562011719e+00
1.307665443420410156e+01
1.278953838348388672e+01
1.268549633026123047e+01
1.391199207305908203e+01
1.003442478179931641e+01
8.784919738769531250e+00
1.680639266967773438e+01
1.411607456207275391e+01
1.143299007415771484e+01
1.586878299713134766e+01
1.268349552154541016e+01
5.412790298461914062e+00
6.631701946258544922e+00
3.511927843093872070e+00
1.320770740509033203e+01
1.302963542938232422e+01
1.150601959228515625e+01
8.863951683044433594e+00
1.107584571838378906e+01
4.991820812225341797e+00
2.598994016647338867e+00
5.186806678771972656e+00
4.932825088500976562e+00
6.788690567016601562e+00
1.527954483032226562e+01
1.356285095214843750e+01
1.280154323577880859e+01
1.015447330474853516e+01
1.551363945007324219e+01
4.221876621246337891e+00
9.850350379943847656e+00
2.336013078689575195e+00
2.389009237289428711e+00
1.629567337036132812e+01
1.487938308715820312e+01
7.926608085632324219e+00
1.101782226562500000e+01
1.042158126831054688e+01
1.177012634277343750e+01
1.063366699218750000e+01
1.073870944976806641e+01
6.571706295013427734e+00
1.183915424346923828e+01
1.131994438171386719e+01
9.567235946655273438e+00
1.382595729827880859e+01
2.564996480941772461e+00
2.184024095535278320e+00
1.225732326507568359e+01
8.160667419433593750e+00
2.322014093399047852e+00
1.520651531219482422e+01
1.356285095214843750e+01
1.284856224060058594e+01
2.078031778335571289e+00
1.301663017272949219e+01
2.156026124954223633e+00
1.496041584014892578e+01
1.061165809631347656e+01
8.339739799499511719e+00
1.116788291931152344e+01
6.309725284576416016e+00
4.118884086608886719e+00
1.150301837921142578e+01
9.043024063110351562e+00
1.120989990234375000e+01
1.198321247100830078e+01
1.267049026489257812e+01
5.006819725036621094e+00
1.078672885894775391e+01
8.063628196716308594e+00
1.140998077392578125e+01
9.378159523010253906e+00
1.271050643920898438e+01
5.188806533813476562e+00
1.511948013305664062e+01
6.400718688964843750e+00
2.412007570266723633e+00
4.013891696929931641e+00
8.091639518737792969e+00
8.117650032043457031e+00
1.163006973266601562e+01
5.275800228118896484e+00
5.945751667022705078e+00
1.142798805236816406e+01
2.898972272872924805e+00
8.127654075622558594e+00
8.594842910766601562e+00
6.391719341278076172e+00
2.764981985092163086e+00
9.705291748046875000e+00
5.711768627166748047e+00
2.726984739303588867e+00
1.064867305755615234e+01
1.085994720458984375e+00
1.218329334259033203e+01
4.327868938446044922e+00
1.173911380767822266e+01
2.064032793045043945e+00
1.386397266387939453e+01
1.403804302215576172e+01
3.677915811538696289e+00
4.418862342834472656e+00
1.150902080535888672e+01
4.968822479248046875e+00
1.299662208557128906e+01
1.235136127471923828e+01
1.327473449707031250e+01
1.542960548400878906e+01
1.460127067565917969e+01
2.967967271804809570e+00
6.200733184814453125e+00
9.201087951660156250e+00
2.018036127090454102e+00
8.071631431579589844e+00
1.446421527862548828e+01
1.644359207153320312e+01
1.191818618774414062e+01
5.934752464294433594e+00
1.225532245635986328e+01
1.783382797241210938e+01
8.519812583923339844e+00
7.906609535217285156e+00
8.585839271545410156e+00
1.165708065032958984e+01
6.361721515655517578e+00
1.323471832275390625e+01
1.096480083465576172e+01
9.409172058105468750e+00
1.462327957153320312e+01
4.224876403808593750e+00
1.042858409881591797e+01
9.659273147583007812e+00
7.862612724304199219e+00
8.300724029541015625e+00
1.330074501037597656e+01
9.554230690002441406e+00
4.445860385894775391e+00
2.748983144760131836e+00
6.741693973541259766e+00
4.658844947814941406e+00
7.275655269622802734e+00
3.033962488174438477e+00
1.433916473388671875e+01
8.901967048645019531e+00
8.450784683227539062e+00
1.119189262390136719e+01
1.276652908325195312e+01
3.898899793624877930e+00
1.063166618347167969e+01
4.472858428955078125e+00
1.018148422241210938e+01
1.498742675781250000e+01
1.339878463745117188e+01
1.703826522827148438e+01
1.461927795410156250e+01
2.247019529342651367e+00
1.414208507537841797e+01
1.148801231384277344e+01
2.478002786636352539e+00
9.800330162048339844e+00
8.894964218139648438e+00
2.926970243453979492e+00
1.296160793304443359e+01
5.180807113647460938e+00
6.986676216125488281e+00
1.379394435882568359e+01
9.306130409240722656e+00
3.956895589828491211e+00
1.004843044281005859e+01
9.292124748229980469e+00
9.962395668029785156e+00
9.662274360656738281e+00
1.389098358154296875e+01
5.568778991699218750e+00
1.187817001342773438e+01
1.006343650817871094e+01
6.921680927276611328e+00
1.279654121398925781e+01
3.230948209762573242e+00
6.158736228942871094e+00
4.613848209381103516e+00
2.402008295059204102e+00
1.220930385589599609e+01
1.291859054565429688e+01
1.379494476318359375e+01
1.343079757690429688e+01
1.053962898254394531e+01
1.184315586090087891e+01
1.253043365478515625e+01
1.359486389160156250e+01
3.850903272628784180e+00
8.553826332092285156e+00
1.239537906646728516e+01
2.325013875961303711e+00
6.320724487304687500e+00
6.212732315063476562e+00
6.035745143890380859e+00
9.212092399597167969e+00
1.470031070709228516e+01
1.074071025848388672e+01
9.943387985229492188e+00
1.473012804985046387e+00
2.240020036697387695e+00
1.130193710327148438e+01
1.031954002380371094e+01
9.093044281005859375e+00
9.889366149902343750e+00
3.203950166702270508e+00
7.085669040679931641e+00
1.078472805023193359e+01
1.606679916381835938e+01
1.118989181518554688e+01
2.110403060913085938e+01
1.184115505218505859e+01
3.795907258987426758e+00
1.067468357086181641e+01
1.103182792663574219e+01
6.047744274139404297e+00
1.323871994018554688e+01
2.705986261367797852e+00
1.167308712005615234e+01
2.832977056503295898e+00
1.144999694824218750e+01
8.431777000427246094e+00
9.544226646423339844e+00
8.848945617675781250e+00
1.039957237243652344e+01
7.182662010192871094e+00
8.129654884338378906e+00
2.071032285690307617e+00
5.857758045196533203e+00
1.719018173217773438e+01
1.626968765258789062e+01
9.718297004699707031e+00
1.162206649780273438e+01
9.530220985412597656e+00
4.020891189575195312e+00
1.085775756835937500e+01
8.806928634643554688e+00
5.291799068450927734e+00
1.472432041168212891e+01
2.338012933731079102e+00
8.023612022399902344e+00
2.930969953536987305e+00
1.302163219451904297e+01
9.904372215270996094e+00
1.267349147796630859e+01
2.733984231948852539e+00
4.291871547698974609e+00
1.087476444244384766e+01
1.326773166656494141e+01
1.174311542510986328e+01
1.103182792663574219e+01
1.492140007019042969e+01
9.447187423706054688e+00
8.228694915771484375e+00
1.712023973464965820e+00
6.051743984222412109e+00
1.143499088287353516e+01
1.374192333221435547e+01
1.393200016021728516e+01
1.217428970336914062e+01
8.430776596069335938e+00
1.099481296539306641e+01
8.653866767883300781e+00
9.427179336547851562e+00
1.396601390838623047e+01
1.812466812133789062e+01
1.050961685180664062e+01
1.186316394805908203e+01
1.538558769226074219e+01
4.271872997283935547e+00
3.827904939651489258e+00
6.453714847564697266e+00
6.149956583976745605e-01
4.201878070831298828e+00
6.573706150054931641e+00
3.932897329330444336e+00
1.372791767120361328e+01
6.390719413757324219e+00
1.023550605773925781e+01
2.725984811782836914e+00
1.213227272033691406e+01
9.522217750549316406e+00
1.200822257995605469e+01
8.942983627319335938e+00
1.050961685180664062e+01
7.462641716003417969e+00
5.685770511627197266e+00
1.128993225097656250e+01
1.207925128936767578e+01
7.680625915527343750e+00
9.323137283325195312e+00
1.508346557617187500e+01
9.605251312255859375e+00
1.450523185729980469e+01
6.887683391571044922e+00
6.183734416961669922e+00
1.376393222808837891e+01
9.524218559265136719e+00
1.568070697784423828e+01
1.087276363372802734e+01
4.435861110687255859e+00
9.046025276184082031e+00
1.399002361297607422e+01
3.631919145584106445e+00
1.103682994842529297e+01
1.091778182983398438e+01
4.350867271423339844e+00
4.665844440460205078e+00
7.786618232727050781e+00
1.317069244384765625e+01
2.135027647018432617e+00
2.782980680465698242e+00
9.191083908081054688e+00
3.172952413558959961e+00
6.356721878051757812e+00
1.150601959228515625e+01
8.265709877014160156e+00
3.473930597305297852e+00
1.670145034790039062e+01
1.283155536651611328e+01
9.851350784301757812e+00
1.508946800231933594e+01
1.157904911041259766e+01
5.513782978057861328e+00
7.783618450164794922e+00
1.119989585876464844e+01
1.001741790771484375e+01
5.059815883636474609e+00
7.434643745422363281e+00
1.029252910614013672e+01
1.006443691253662109e+01
1.265003085136413574e+00
8.855948448181152344e+00
1.421311378479003906e+01
3.792907476425170898e+00
5.148809432983398438e+00
1.407009720802307129e+00
1.430915260314941406e+01
1.372891807556152344e+01
1.056163787841796875e+01
1.386297225952148438e+01
1.087276363372802734e+01
8.714891433715820312e+00
1.274251937866210938e+01
1.359386348724365234e+01
7.370648384094238281e+00
1.389198398590087891e+01
1.079173088073730469e+01
2.638991117477416992e+00
7.164663314819335938e+00
8.215689659118652344e+00
8.768913269042968750e+00
2.195023298263549805e+00
9.938385963439941406e+00
1.432415866851806641e+01
1.430014896392822266e+01
1.026251697540283203e+01
6.938679695129394531e+00
1.226232528686523438e+01
2.792979955673217773e+00
3.458931684494018555e+00
6.934679985046386719e+00
7.096668243408203125e+00
9.873359680175781250e+00
1.522152137756347656e+01
1.497542190551757812e+01
1.610277938842773438e+01
1.221830749511718750e+01
1.544561195373535156e+01
1.416609477996826172e+01
6.145737171173095703e+00
1.286556911468505859e+01
1.103983116149902344e+01
4.631846904754638672e+00
2.448004961013793945e+00
6.636701583862304688e+00
2.434005975723266602e+00
8.856948852539062500e+00
5.145809650421142578e+00
1.195520114898681641e+01
5.553780078887939453e+00
1.041157722473144531e+01
9.595247268676757812e+00
7.857613086700439453e+00
1.119089221954345703e+01
9.239103317260742188e+00
9.140063285827636719e+00
1.128593063354492188e+01
8.769913673400878906e+00
2.996965169906616211e+00
3.045961618423461914e+00
1.366389179229736328e+01
4.990820884704589844e+00
2.792979955673217773e+00
4.605848789215087891e+00
5.778763771057128906e+00
1.469430828094482422e+01
1.011645793914794922e+01
5.223803997039794922e+00
1.159205436706542969e+01
5.472785949707031250e+00
9.674279212951660156e+00
9.713294982910156250e+00
1.327073287963867188e+01
1.319670295715332031e+01
4.299870967864990234e+00
5.997747898101806641e+00
1.038256549835205078e+01
8.451785087585449219e+00
1.413808345794677734e+01
1.295160388946533203e+01
4.242875099182128906e+00
2.226021051406860352e+00
1.380394840240478516e+01
6.195733547210693359e+00
6.090741157531738281e+00
1.069869327545166016e+01
3.017963647842407227e+00
1.438618373870849609e+01
2.915971040725708008e+00
1.033654689788818359e+01
3.091958284378051758e+00
7.495639324188232422e+00
5.335795879364013672e+00
8.308727264404296875e+00
1.567870616912841797e+01
1.034855175018310547e+01
1.253543567657470703e+01
6.694697380065917969e+00
1.503544616699218750e+01
1.511347770690917969e+01
1.109585380554199219e+01
2.794979810714721680e+00
9.927381515502929688e+00
1.237637138366699219e+01
1.345580768585205078e+01
7.727622509002685547e+00
4.830832481384277344e+00
2.258018732070922852e+00
1.470031070709228516e+01
9.251108169555664062e+00
9.565235137939453125e+00
1.727513504028320312e+01
1.616674423217773438e+01
5.808761596679687500e+00
6.631701946258544922e+00
3.951895952224731445e+00
1.416909599304199219e+01
8.048622131347656250e+00
7.611630916595458984e+00
6.464714050292968750e+00
7.829615116119384766e+00
1.122790718078613281e+01
1.037456226348876953e+01
1.552164268493652344e+01
1.194019508361816406e+01
8.945984840393066406e+00
8.929920792579650879e-01
1.436217403411865234e+01
1.947034955024719238e+00
1.430214977264404297e+01
1.119589424133300781e+01
4.805834293365478516e+00
1.204723834991455078e+01
5.023818492889404297e+00
6.996675491333007812e+00
1.274552059173583984e+01
1.362687683105468750e+01
8.634859085083007812e+00
1.122490596771240234e+01
5.502783775329589844e+00
5.766764640808105469e+00
2.352011919021606445e+00
1.388298034667968750e+01
1.358485984802246094e+01
1.547262287139892578e+01
1.024851131439208984e+01
2.638991117477416992e+00
1.342079353332519531e+01
7.256656646728515625e+00
6.257729053497314453e+00
8.700885772705078125e+00
3.790907621383666992e+00
1.086676120758056641e+01
1.136796379089355469e+01
6.587705135345458984e+00
8.295722007751464844e+00
1.161606407165527344e+01
1.401203250885009766e+01
3.093958139419555664e+00
3.426934003829956055e+00
7.948606491088867188e+00
6.075742244720458984e+00
4.514855384826660156e+00
6.549707889556884766e+00
1.414708709716796875e+01
2.901972055435180664e+00
6.547708034515380859e+00
3.451932191848754883e+00
1.293004393577575684e+00
9.128058433532714844e+00
3.242947340011596680e+00
4.253874301910400391e+00
4.436861038208007812e+00
8.431777000427246094e+00
1.389398479461669922e+01
1.929034113883972168e+00
8.272712707519531250e+00
1.369890594482421875e+01
7.599631786346435547e+00
1.144599533081054688e+01
1.078272724151611328e+01
5.661772251129150391e+00
1.256444740295410156e+01
3.359938859939575195e+00
1.164107418060302734e+01
9.864356040954589844e+00
6.289726734161376953e+00
1.419310569763183594e+01
8.221692085266113281e+00
8.676876068115234375e+00
1.423112106323242188e+01
9.350148200988769531e+00
4.043889522552490234e+00
1.369490432739257812e+01
8.232696533203125000e+00
1.011645793914794922e+01
2.103029966354370117e+00
1.804028272628784180e+00
6.840686798095703125e+00
1.541159820556640625e+01
7.076669692993164062e+00
9.919378280639648438e+00
8.473793983459472656e+00
1.049961280822753906e+01
9.309131622314453125e+00
1.675642013549804688e+01
5.736766815185546875e+00
9.510212898254394531e+00
1.056163787841796875e+01
8.377755165100097656e+00
1.634020328521728516e+00
6.756692886352539062e+00
2.161025762557983398e+00
3.354939222335815430e+00
7.567634105682373047e+00
1.191118335723876953e+01
2.125794601440429688e+01
1.562868595123291016e+01
7.457642078399658203e+00
9.376158714294433594e+00
8.431777000427246094e+00
1.073370742797851562e+01
1.230434226989746094e+01
7.312652587890625000e+00
4.392864227294921875e+00
1.094379234313964844e+01
1.070269489288330078e+01
1.263947772979736328e+01
9.289123535156250000e+00
1.222030830383300781e+01
1.275452423095703125e+01
1.890032291412353516e+00
1.293359661102294922e+01
9.152068138122558594e+00
2.065032720565795898e+00
1.131294155120849609e+01
1.189017486572265625e+01
2.095030546188354492e+00
8.385758399963378906e+00
1.053362655639648438e+01
8.350744247436523438e+00
1.292459297180175781e+01
7.473640918731689453e+00
9.494206428527832031e+00
8.628856658935546875e+00
1.259445953369140625e+01
2.771981477737426758e+00
8.162668228149414062e+00
1.140697956085205078e+01
7.330651283264160156e+00
8.053624153137207031e+00
1.537458324432373047e+01
5.633774280548095703e+00
8.451785087585449219e+00
1.455525207519531250e+01
4.694842338562011719e+00
5.553780078887939453e+00
1.258645629882812500e+01
1.192718982696533203e+01
1.070969772338867188e+01
9.332140922546386719e+00
7.238657951354980469e+00
1.253343486785888672e+01
4.121883869171142578e+00
5.384792327880859375e+00
1.413208103179931641e+01
7.720623016357421875e+00
5.475785732269287109e+00
3.738911390304565430e+00
1.198021125793457031e+01
1.542860507965087891e+01
1.368990230560302734e+01
1.031753921508789062e+01
1.310966777801513672e+01
1.296861076354980469e+01
1.243639564514160156e+01
9.530220985412597656e+00
1.218929576873779297e+01
1.947034955024719238e+00
1.159605598449707031e+01
6.629702091217041016e+00
1.339006543159484863e+00
1.932034254074096680e+00
1.673343276977539062e+01
7.655627727508544922e+00
1.591480159759521484e+01
1.774287796020507812e+01
9.328139305114746094e+00
3.067960023880004883e+00
9.640265464782714844e+00
1.423412227630615234e+01
1.101682186126708984e+01
2.051033735275268555e+00
4.607848644256591797e+00
1.256544780731201172e+01
1.453024196624755859e+01
1.225632286071777344e+01
3.585922479629516602e+00
1.263847732543945312e+01
1.083074665069580078e+01
1.148100948333740234e+01
1.490239238739013672e+01
1.136996459960937500e+01
1.083274745941162109e+01
1.284255981445312500e+01
2.811978578567504883e+00
1.200722217559814453e+01
1.685836410522460938e+01
1.220730304718017578e+01
1.565669727325439453e+01
2.980966329574584961e+00
1.263047409057617188e+01
7.225658893585205078e+00
9.087041854858398438e+00
1.470031070709228516e+01
1.647057723999023438e+01
1.111486148834228516e+01
8.063628196716308594e+00
4.379865169525146484e+00
1.390899085998535156e+01
4.289871692657470703e+00
6.343722820281982422e+00
1.435717201232910156e+01
1.531155776977539062e+01
2.291016340255737305e+00
1.194919872283935547e+01
6.933680057525634766e+00
1.125691890716552734e+01
3.102957487106323242e+00
1.819063186645507812e+01
5.013819217681884766e+00
1.313867950439453125e+01
6.662699699401855469e+00
1.358686065673828125e+01
1.391999530792236328e+01
1.341779232025146484e+01
2.952968358993530273e+00
1.310466575622558594e+01
3.892900228500366211e+00
4.925825595855712891e+00
2.779980897903442383e+00
4.611848354339599609e+00
2.561996698379516602e+00
1.379794597625732422e+01
2.050033807754516602e+00
1.508046436309814453e+01
6.835687160491943359e+00
1.033454608917236328e+01
1.081073856353759766e+01
5.046816825866699219e+00
1.185916233062744141e+01
1.273251533508300781e+01
1.384796619415283203e+01
3.786907911300659180e+00
1.478934669494628906e+01
2.410007715225219727e+00
1.050661563873291016e+01
9.459192276000976562e+00
1.218629455566406250e+01
4.423861980438232422e+00
1.220830345153808594e+01
1.064167022705078125e+01
1.562068271636962891e+01
1.560067462921142578e+01
7.222659111022949219e+00
9.230099678039550781e+00
9.138062477111816406e+00
1.854030609130859375e+00
1.264347934722900391e+01
1.374292373657226562e+01
7.325651645660400391e+00
3.281944513320922852e+00
1.195520114898681641e+01
9.571237564086914062e+00
1.432015705108642578e+01
9.100047111511230469e+00
1.022350120544433594e+01
1.035355377197265625e+01
4.807834148406982422e+00
8.382757186889648438e+00
8.217690467834472656e+00
6.901682376861572266e+00
1.081373977661132812e+01
1.269049835205078125e+01
1.312267303466796875e+01
4.182879447937011719e+00
1.420611095428466797e+01
1.776586532592773438e+01
7.092668533325195312e+00
1.789779281616210938e+01
9.458191871643066406e+00
1.295760631561279297e+01
6.372720718383789062e+00
1.197420883178710938e+01
8.847945213317871094e+00
9.244105339050292969e+00
5.648773193359375000e+00
1.912033319473266602e+00
7.151664257049560547e+00
1.465229129791259766e+01
2.211022138595581055e+00
4.543853282928466797e+00
9.093044281005859375e+00
1.804870986938476562e+01
4.616847991943359375e+00
1.129693508148193359e+01
7.544635772705078125e+00
1.525253391265869141e+01
8.939982414245605469e+00
9.473197937011718750e+00
3.321941614151000977e+00
7.621630191802978516e+00
1.222631072998046875e+01
9.541225433349609375e+00
1.385296821594238281e+01
4.531854152679443359e+00
6.904682159423828125e+00
1.315668678283691406e+01
1.027452182769775391e+01
1.439318656921386719e+01
1.225232124328613281e+01
7.854613304138183594e+00
1.860030889511108398e+00
1.580175590515136719e+01
1.883028030395507812e+01
9.060030937194824219e+00
1.489138793945312500e+01
1.194419670104980469e+01
9.432181358337402344e+00
1.585018038749694824e+00
1.492940330505371094e+01
2.890972852706909180e+00
1.023450565338134766e+01
6.723695278167724609e+00
7.394646644592285156e+00
1.065867710113525391e+01
9.772318840026855469e+00
8.474794387817382812e+00
8.502805709838867188e+00
1.357185459136962891e+01
1.544561195373535156e+01
5.461786746978759766e+00
3.905899286270141602e+00
1.138397026062011719e+01
1.040857601165771484e+01
1.239137744903564453e+01
3.227948427200317383e+00
1.861030936241149902e+00
7.374648094177246094e+00
2.955968141555786133e+00
1.324372196197509766e+01
5.115811824798583984e+00
7.896610260009765625e+00
9.990406990051269531e+00
2.797979593276977539e+00
3.278944730758666992e+00
5.929752826690673828e+00
9.213092803955078125e+00
6.175734996795654297e+00
3.016963720321655273e+00
1.146000099182128906e+01
9.461193084716796875e+00
6.839686870574951172e+00
6.712696075439453125e+00
1.768026590347290039e+00
4.623847484588623047e+00
1.139797592163085938e+01
1.773987960815429688e+01
8.754907608032226562e+00
9.397167205810546875e+00
1.359286308288574219e+01
4.775836467742919922e+00
7.571633815765380859e+00
3.043961763381958008e+00
1.651455307006835938e+01
4.798834800720214844e+00
2.461004018783569336e+00
1.155403900146484375e+01
1.535057353973388672e+01
3.189951181411743164e+00
8.699885368347167969e+00
9.478199958801269531e+00
1.471031475067138672e+01
1.823660659790039062e+01
3.639918565750122070e+00
1.198321247100830078e+01
8.343741416931152344e+00
1.265648460388183594e+01
1.143599128723144531e+01
4.937824726104736328e+00
5.751765727996826172e+00
1.162906932830810547e+01
4.598849296569824219e+00
1.120189666748046875e+01
1.912033319473266602e+00
1.539159011840820312e+01
1.373692131042480469e+01
1.278003692626953125e+00
1.468012571334838867e+00
5.869757175445556641e+00
9.668276786804199219e+00
8.758909225463867188e+00
1.249742031097412109e+01
2.151026487350463867e+00
1.333775997161865234e+01
5.097813129425048828e+00
1.053062534332275391e+01
4.344867706298828125e+00
2.701986551284790039e+00
1.035155296325683594e+01
6.991675853729248047e+00
8.396762847900390625e+00
8.766912460327148438e+00
1.153703212738037109e+01
1.086994767189025879e+00
1.355684852600097656e+01
1.303163623809814453e+01
1.326473045349121094e+01
1.338377857208251953e+01
9.587244033813476562e+00
1.076171875000000000e+01
1.267749309539794922e+01
9.799329757690429688e+00
1.057664394378662109e+01
9.830342292785644531e+00
3.048961400985717773e+00
5.339795589447021484e+00
1.246140575408935547e+01
1.217328929901123047e+01
5.503783702850341797e+00
2.681988000869750977e+00
1.142198562622070312e+01
9.598248481750488281e+00
6.604703903198242188e+00
9.593246459960937500e+00
8.189679145812988281e+00
4.530854225158691406e+00
1.720024347305297852e+00
1.470231151580810547e+01
2.397008657455444336e+00
1.434816837310791016e+01
3.752910375595092773e+00
8.277714729309082031e+00
1.394800662994384766e+01
1.372291564941406250e+01
1.273851776123046875e+01
9.103048324584960938e+00
1.483436489105224609e+01
3.444932699203491211e+00
1.284255981445312500e+01
1.491239643096923828e+01
8.977997779846191406e+00
1.165808105468750000e+01
6.456714630126953125e+00
3.353939294815063477e+00
1.054463100433349609e+01
1.628020048141479492e+00
5.056816101074218750e+00
6.164735794067382812e+00
3.437933206558227539e+00
1.371391201019287109e+01
9.582242012023925781e+00
7.925608158111572266e+00
1.529755210876464844e+01
1.067968559265136719e+01
1.108484935760498047e+01
8.737900733947753906e+00
1.249942111968994141e+01
7.699624538421630859e+00
1.367189502716064453e+01
3.765909433364868164e+00
1.018948745727539062e+01
2.773981332778930664e+00
1.564169120788574219e+01
1.267149066925048828e+01
2.712985754013061523e+00
1.339778423309326172e+01
1.360186672210693359e+01
9.299127578735351562e+00
5.301798343658447266e+00
1.043758773803710938e+01
3.666916608810424805e+00
9.941387176513671875e+00
7.835614681243896484e+00
1.010945510864257812e+01
6.748693466186523438e+00
8.288719177246093750e+00
1.721916580200195312e+01
9.503210067749023438e+00
1.636063766479492188e+01
1.185916233062744141e+01
3.704913854598999023e+00
1.053762817382812500e+01
3.770909070968627930e+00
1.152902889251708984e+01
4.966822624206542969e+00
1.180113887786865234e+01
9.557231903076171875e+00
7.077669620513916016e+00
1.414708709716796875e+01
1.023550605773925781e+01
8.026613235473632812e+00
1.044058895111083984e+01
9.599248886108398438e+00
6.261728763580322266e+00
7.888610839843750000e+00
4.709841251373291016e+00
8.064628601074218750e+00
1.186716556549072266e+01
8.083636283874511719e+00
3.519927263259887695e+00
6.421717166900634766e+00
3.877901315689086914e+00
1.236436653137207031e+01
2.135027647018432617e+00
1.230434226989746094e+01
4.017891407012939453e+00
1.157704830169677734e+01
8.320732116699218750e+00
1.196720600128173828e+01
1.659650802612304688e+01
9.345146179199218750e+00
1.252643203735351562e+01
1.178913402557373047e+01
1.183015060424804688e+01
2.454004526138305664e+00
6.060743331909179688e+00
1.319670295715332031e+01
1.366989421844482422e+01
1.459026622772216797e+01
9.016013145446777344e+00
1.073070621490478516e+01
3.260946035385131836e+00
1.090777778625488281e+01
9.964396476745605469e+00
1.335276603698730469e+01
1.136496257781982422e+01
8.517811775207519531e+00
4.425861835479736328e+00
7.637629032135009766e+00
6.110739707946777344e+00
3.723912477493286133e+00
3.459931612014770508e+00
1.866037368774414062e+01
7.369648456573486328e+00
6.157736301422119141e+00
1.408506202697753906e+01
1.070369529724121094e+01
4.179879665374755859e+00
1.104483318328857422e+01
1.082874584197998047e+01
9.120055198669433594e+00
5.112812042236328125e+00
1.432415866851806641e+01
1.150201797485351562e+01
8.347743034362792969e+00
9.274117469787597656e+00
8.253705024719238281e+00
9.671277999877929688e+00
1.486037540435791016e+01
2.770981550216674805e+00
1.058564758300781250e+01
7.185661792755126953e+00
3.480930089950561523e+00
1.157704830169677734e+01
1.078572845458984375e+01
1.199021530151367188e+01
1.469330787658691406e+01
1.379294395446777344e+01
1.321771144866943359e+01
1.123891162872314453e+01
6.266728401184082031e+00
9.815336227416992188e+00
1.129293346405029297e+01
1.208225250244140625e+01
6.438715934753417969e+00
1.597382545471191406e+01
8.885960578918457031e+00
9.453189849853515625e+00
1.311066818237304688e+01
1.555665683746337891e+01
1.076271915435791016e+01
1.334476280212402344e+01
1.500243282318115234e+01
6.236730575561523438e+00
1.084975433349609375e+01
7.322651863098144531e+00
1.157604789733886719e+01
5.723767757415771484e+00
1.250542354583740234e+01
1.150301837921142578e+01
6.464714050292968750e+00
5.393791675567626953e+00
1.220030021667480469e+01
1.162706851959228516e+01
8.632858276367187500e+00
2.097510147094726562e+01
2.866974592208862305e+00
1.146200180053710938e+01
5.226803779602050781e+00
5.485785007476806641e+00
6.998675346374511719e+00
1.014146804809570312e+01
8.551825523376464844e+00
1.063866901397705078e+01
1.327173328399658203e+01
5.639773845672607422e+00
1.163907337188720703e+01
1.757197189331054688e+01
1.574273204803466797e+01
1.321871185302734375e+01
1.699728775024414062e+01
1.856942367553710938e+01
1.321370983123779297e+01
5.224803924560546875e+00
8.270711898803710938e+00
1.254744052886962891e+01
3.006964445114135742e+00
3.106957197189331055e+00
8.706888198852539062e+00
2.075031995773315430e+00
9.217094421386718750e+00
1.051661968231201172e+01
4.034890174865722656e+00
3.800906896591186523e+00
1.049861240386962891e+01
2.687987565994262695e+00
1.074871349334716797e+01
1.516950035095214844e+01
1.022550201416015625e+01
1.223831558227539062e+01
9.254109382629394531e+00
4.523854732513427734e+00
1.241938877105712891e+01
1.465012431144714355e+00
8.685879707336425781e+00
5.553780078887939453e+00
1.341279029846191406e+01
9.527219772338867188e+00
1.377993869781494141e+01
7.100667953491210938e+00
9.616255760192871094e+00
1.151602363586425781e+01
1.016547775268554688e+01
1.193019104003906250e+01
5.284799575805664062e+00
1.366689300537109375e+01
5.972749710083007812e+00
9.413173675537109375e+00
1.152902889251708984e+01
3.651917695999145508e+00
1.547262287139892578e+01
1.737408065795898438e+01
1.161206245422363281e+01
3.935897111892700195e+00
1.976036310195922852e+00
8.267710685729980469e+00
5.674771308898925781e+00
9.294125556945800781e+00
9.928381919860839844e+00
7.536636352539062500e+00
1.947092819213867188e+01
1.020349311828613281e+01
1.252543163299560547e+01
3.821905374526977539e+00
1.093778991699218750e+01
1.254243850708007812e+01
8.433777809143066406e+00
9.355150222778320312e+00
3.697914361953735352e+00
3.247946977615356445e+00
1.070369529724121094e+01
1.336076927185058594e+01
2.120597457885742188e+01
4.486857414245605469e+00
1.441319465637207031e+01
1.104683399200439453e+01
9.367155075073242188e+00
1.152602767944335938e+01
1.197620964050292969e+01
1.211826705932617188e+01
2.437005758285522461e+00
1.532956504821777344e+01
8.881958961486816406e+00
9.921379089355468750e+00
1.314005374908447266e+00
1.355484771728515625e+01
1.120389747619628906e+01
1.353984165191650391e+01
8.125653266906738281e+00
1.566670131683349609e+01
1.180514049530029297e+01
8.374753952026367188e+00
7.343650341033935547e+00
1.485937500000000000e+01
3.418934583663940430e+00
9.009010314941406250e+00
4.983821392059326172e+00
1.275952625274658203e+01
5.649773120880126953e+00
9.796328544616699219e+00
9.099046707153320312e+00
7.934607505798339844e+00
9.390164375305175781e+00
1.247140979766845703e+01
9.343145370483398438e+00
6.493711948394775391e+00
1.196820640563964844e+01
1.397201633453369141e+01
1.260446357727050781e+01
5.059815883636474609e+00
1.608578872680664062e+01
8.197682380676269531e+00
2.996965169906616211e+00
1.026991963386535645e+00
1.384896659851074219e+01
9.765316009521484375e+00
3.826905012130737305e+00
3.467931032180786133e+00
1.558166694641113281e+01
4.259873867034912109e+00
6.238730430603027344e+00
1.264548015594482422e+01
6.644701004028320312e+00
1.012246036529541016e+01
5.899755001068115234e+00
6.593704700469970703e+00
4.599849224090576172e+00
2.409007787704467773e+00
1.669845199584960938e+01
1.259946155548095703e+01
1.254043769836425781e+01
9.640265464782714844e+00
6.566706657409667969e+00
9.973400115966796875e+00
2.662989377975463867e+00
4.854830741882324219e+00
4.668844223022460938e+00
5.629774570465087891e+00
2.757982492446899414e+00
2.663989305496215820e+00
2.340012788772583008e+00
1.500343322753906250e+01
1.346781253814697266e+01
9.974400520324707031e+00
1.222531032562255859e+01
9.945388793945312500e+00
1.320470619201660156e+01
6.723695278167724609e+00
1.998037338256835938e+00
1.326072883605957031e+01
1.707023739814758301e+00
6.944679260253906250e+00
1.469330787658691406e+01
9.122056007385253906e+00
4.285871982574462891e+00
1.171110248565673828e+01
9.181079864501953125e+00
1.510347366333007812e+01
7.896610260009765625e+00
3.889900445938110352e+00
1.609178543090820312e+01
8.296722412109375000e+00
8.336738586425781250e+00
9.301128387451171875e+00
4.464859008789062500e+00
1.307765483856201172e+01
1.130293750762939453e+01
6.500711441040039062e+00
6.560707092285156250e+00
7.904609680175781250e+00
4.821833133697509766e+00
2.696986913681030273e+00
1.115287685394287109e+01
8.855948448181152344e+00
2.814978361129760742e+00
1.867236709594726562e+01
7.200660705566406250e+00
6.785690784454345703e+00
3.005964517593383789e+00
1.363007664680480957e+00
5.790762901306152344e+00
1.033354568481445312e+01
3.406935453414916992e+00
8.036617279052734375e+00
1.552464389801025391e+01
1.192819023132324219e+01
1.052762413024902344e+01
3.593921899795532227e+00
8.690881729125976562e+00
1.809028506278991699e+00
8.422773361206054688e+00
7.751620769500732422e+00
1.588018178939819336e+00
2.230020761489868164e+00
6.907681941986083984e+00
1.029152870178222656e+01
8.582838058471679688e+00
1.368890190124511719e+01
1.225132083892822266e+01
1.068668842315673828e+01
1.154703617095947266e+01
1.160906124114990234e+01
9.334141731262207031e+00
9.567235946655273438e+00
4.534853935241699219e+00
1.290558528900146484e+01
1.277553272247314453e+01
5.189806461334228516e+00
1.157204627990722656e+01
1.545961761474609375e+01
1.203023147583007812e+01
1.608478927612304688e+01
3.321941614151000977e+00
2.792979955673217773e+00
1.327473449707031250e+01
1.676341629028320312e+01
1.302963542938232422e+01
1.184915828704833984e+01
7.715623378753662109e+00
3.782908201217651367e+00
5.392791748046875000e+00
6.603703975677490234e+00
1.055863666534423828e+01
8.720893859863281250e+00
9.766316413879394531e+00
1.385396862030029297e+01
7.136665344238281250e+00
